30
Miami_Heat 26 24 22 0 1 0 1 0 1 2 0 0 1 2 0 1 1 1 1 1 1 2 0 0 1 0 1 0 0 1 0 2 1 
Atlanta_Hawks 26 24 22 1 0 2 1 2 0 0 1 1 2 2 2 1 2 0 1 0 1 0 1 0 1 0 0 0 0 0 0 0 1 
Orlando_Magic 17 33 22 0 2 0 1 1 0 1 0 1 2 1 2 1 2 1 1 0 2 1 1 0 0 0 1 0 0 0 0 1 0 
Charlotte_Hornets 25 24 23 1 1 1 0 1 1 2 2 0 0 2 0 2 2 2 0 0 0 0 1 1 0 0 1 0 0 1 1 0 1 
Washington_Wizards 17 32 23 0 2 1 1 0 0 0 0 1 0 0 2 1 1 3 0 1 0 1 1 0 1 1 1 2 1 0 2 0 0 
Brooklyn_Nets 35 16 21 1 0 0 1 0 0 1 0 2 1 2 1 0 2 1 0 1 0 1 2 0 1 0 1 0 0 1 0 1 1 
Boston_Celtics 25 25 22 2 0 1 2 0 1 0 2 0 1 2 0 0 0 1 0 0 0 1 0 0 1 0 1 1 0 1 1 2 2 
New_York_Knicks 25 26 21 0 1 0 2 0 0 2 0 2 0 1 0 0 0 0 1 1 2 1 2 1 2 0 2 0 0 1 0 0 0 
Toronto_Raptors 20 30 22 0 1 1 0 1 2 0 2 0 0 2 1 0 0 2 0 1 1 1 0 2 0 0 2 0 1 1 1 0 0 
Philadelphia_76ers 34 16 22 1 2 2 0 0 1 1 0 0 0 1 1 1 2 0 1 1 0 1 2 1 1 0 0 1 0 0 2 0 0 
Chicago_Bulls 20 28 24 2 2 1 2 0 2 2 1 2 1 0 1 1 2 2 0 0 2 0 0 0 0 0 0 0 0 0 0 1 0 
Indiana_Pacers 22 26 24 0 2 2 0 2 1 0 0 1 1 1 0 1 1 1 1 0 1 1 0 1 0 1 1 0 1 0 2 1 1 
Detroit_Pistons 15 35 22 1 1 1 2 1 0 0 0 0 1 1 1 0 0 1 0 2 1 1 0 2 0 1 0 0 0 2 1 1 1 
Milwaukee_Bucks 32 17 23 1 2 2 2 1 2 0 0 0 2 2 1 0 0 0 2 1 1 1 0 0 1 0 0 1 0 0 0 1 0 
Cleveland_Cavaliers 18 32 22 1 0 1 2 3 1 1 0 2 0 2 1 1 0 0 0 2 0 0 1 0 1 0 0 1 0 0 1 0 1 
Houston_Rockets 13 37 22 1 1 1 0 0 0 0 1 0 1 0 1 0 2 0 0 1 0 0 0 3 1 0 1 2 2 2 0 1 1 
Dallas_Mavericks 28 21 23 1 0 0 0 1 1 0 1 1 1 0 0 2 1 2 1 0 2 1 1 0 0 3 2 1 0 0 0 1 0 
Memphis_Grizzlies 24 23 25 1 1 2 0 0 0 0 2 1 0 2 1 1 1 0 0 2 0 0 1 1 0 2 0 1 0 2 0 1 3 
San_Antonio_Spurs 24 24 24 2 0 1 0 1 1 1 1 1 1 0 1 1 1 0 0 1 0 0 1 0 3 1 0 0 2 2 0 0 2 
New_Orleans_Pelicans 22 27 23 0 1 1 1 1 2 0 2 0 2 0 0 0 0 1 0 1 1 1 0 1 0 1 1 3 0 1 1 1 0 
LA_Clippers 33 18 21 0 0 0 1 0 0 0 1 2 1 0 1 2 0 0 3 0 1 0 1 0 2 0 1 0 0 1 1 1 2 
Phoenix_Suns 35 14 23 1 1 0 0 1 1 1 2 0 1 0 0 0 1 1 1 0 0 3 0 2 0 1 1 1 2 0 1 0 1 
Sacramento_Kings 22 29 21 0 0 0 0 1 0 0 0 0 0 0 1 1 0 0 0 3 2 1 1 0 1 0 1 1 3 0 3 2 0 
Los_Angeles_Lakers 31 19 22 1 0 1 1 1 1 1 2 2 0 0 1 0 0 0 1 2 0 0 1 1 1 1 0 0 2 1 0 0 1 
Golden_State_Warriors 23 27 22 0 0 0 0 2 0 1 0 0 1 0 0 0 1 1 2 1 1 0 3 0 1 1 0 0 1 2 3 1 0 
Utah_Jazz 38 12 22 0 0 0 0 1 0 0 0 1 0 0 1 0 0 0 2 0 0 2 0 0 2 3 2 1 0 1 2 2 2 
Denver_Nuggets 31 18 23 1 0 0 1 0 1 1 1 1 0 0 0 2 0 0 2 0 2 2 1 1 0 0 1 2 1 0 0 1 2 
Oklahoma_City_Thunder 20 30 22 0 0 0 1 2 0 1 0 1 2 0 2 1 0 1 0 0 0 0 1 1 1 3 0 3 2 0 0 0 0 
Minnesota_Timberwolves 13 38 21 2 0 1 0 0 1 2 0 0 0 1 1 1 1 0 1 1 1 0 1 1 0 2 0 1 2 1 0 0 0 
Portland_Trail_Blazers 30 19 23 1 1 0 1 0 1 2 0 0 0 0 1 1 0 1 1 0 3 2 0 2 1 0 1 0 2 2 0 0 0 
