30
team1 17 17 38 0 2 2 2 0 1 2 1 0 1 3 3 1 1 3 1 1 2 2 1 0 2 0 1 1 0 1 0 2 2 
team2 14 20 38 2 0 3 1 2 0 0 1 2 2 2 2 1 2 1 2 0 1 1 2 1 2 2 1 2 0 1 1 0 1 
team3 13 22 37 2 3 0 1 1 1 2 1 1 2 1 2 1 2 1 1 0 2 2 2 1 1 0 2 0 1 2 0 1 1 
team4 16 17 39 2 1 1 0 2 2 3 2 1 0 2 1 3 2 2 1 0 0 1 1 2 1 1 2 0 0 2 1 1 1 
team5 13 19 40 0 2 1 2 0 1 0 2 2 1 0 3 3 3 3 0 2 2 1 1 1 1 2 1 2 2 0 2 0 0 
team6 23 13 36 1 0 1 2 1 0 2 2 2 1 3 2 2 2 1 2 1 0 1 2 0 1 0 1 0 1 1 0 2 2 
team7 17 17 38 2 0 2 3 0 2 0 2 1 1 2 0 0 2 2 2 1 1 1 1 1 1 1 1 1 1 1 2 2 2 
team8 18 17 37 1 1 1 2 2 2 2 0 2 2 1 0 2 2 0 1 2 2 2 2 1 2 0 2 0 0 1 1 1 0 
team9 17 17 38 0 2 1 1 2 2 1 2 0 0 3 1 3 0 3 1 1 1 1 0 2 1 0 2 1 2 2 2 0 1 
team10 23 12 37 1 2 2 0 1 1 1 2 0 0 2 1 1 3 1 1 1 1 2 2 2 1 1 1 2 1 1 2 1 0 
team11 15 18 39 3 2 1 2 0 3 2 1 3 2 0 1 2 2 3 0 0 2 2 1 0 1 0 0 1 2 1 1 1 0 
team12 15 18 39 3 2 2 1 3 2 0 0 1 1 1 0 2 2 2 1 1 1 2 0 1 1 1 2 0 1 2 2 1 1 
team13 9 25 38 1 1 1 3 3 2 0 2 3 1 2 2 0 0 1 1 2 1 2 0 2 0 1 0 0 0 2 2 1 2 
team14 21 13 38 1 2 2 2 3 2 2 2 0 3 2 2 0 0 0 2 1 2 2 0 1 1 1 1 1 0 1 0 1 1 
team15 14 21 37 3 1 1 2 3 1 2 0 3 1 3 2 1 0 0 0 2 0 2 2 0 1 2 1 1 1 0 1 0 1 
team16 11 22 39 1 2 1 1 0 2 2 1 1 1 0 1 1 2 0 0 1 1 0 1 3 2 1 1 3 3 2 1 3 1 
team17 17 16 39 1 0 0 0 2 1 1 2 1 1 0 1 2 1 2 1 0 2 2 2 2 0 3 2 1 1 1 3 2 2 
team18 15 15 42 2 1 2 0 2 0 1 2 1 1 2 1 1 2 0 1 2 0 0 1 1 1 2 0 3 3 3 2 2 3 
team19 17 13 42 2 1 2 1 1 1 1 2 1 2 2 2 2 2 2 0 2 0 0 1 2 3 3 0 0 2 2 1 0 2 
team20 15 19 38 1 2 2 1 1 2 1 2 0 2 1 0 0 0 2 1 2 1 1 0 2 0 1 2 3 0 3 1 2 2 
team21 24 12 36 0 1 1 2 1 0 1 1 2 2 0 1 2 1 0 3 2 1 2 2 0 2 0 2 1 0 2 1 1 2 
team22 22 11 39 2 2 1 1 1 1 1 2 1 1 1 1 0 1 1 2 0 1 3 0 2 0 1 3 2 2 0 2 2 2 
team23 13 21 38 0 2 0 1 2 0 1 0 0 1 0 1 1 1 2 1 3 2 3 1 0 1 0 3 2 3 0 3 3 1 
team24 24 11 37 1 1 2 2 1 1 1 2 2 1 0 2 0 1 1 1 2 0 0 2 2 3 3 0 1 2 1 0 1 1 
team25 19 16 37 1 2 0 0 2 0 1 0 1 2 1 0 0 1 1 3 1 3 0 3 1 2 2 1 0 2 2 3 1 1 
team26 27 8 37 0 0 1 0 2 1 1 0 2 1 2 1 0 0 1 3 1 3 2 0 0 2 3 2 2 0 1 2 2 2 
team27 19 15 38 1 1 2 2 0 1 1 1 2 1 1 2 2 1 0 2 1 3 2 3 2 0 0 1 2 1 0 0 1 2 
team28 14 20 38 0 1 0 1 2 0 2 1 2 2 1 2 2 0 1 1 3 2 1 1 1 2 3 0 3 2 0 0 1 1 
team29 7 28 37 2 0 1 1 0 2 2 1 0 1 1 1 1 1 0 3 2 2 0 2 1 2 3 1 1 2 1 1 0 2 
team30 18 14 40 2 1 1 1 0 2 2 0 1 0 0 1 2 1 1 1 2 3 2 2 2 2 1 1 1 2 2 1 2 0 
